9.268915166668969530e-01
8.389871504853697592e-01
7.741418877643678753e-01
7.501670457122890934e-01
7.345147577476498491e-01
7.052405591374546479e-01
6.884460530561283820e-01
6.674817145773090932e-01
6.610962463461033112e-01
6.363196702405488070e-01
6.219133532076348558e-01
6.001965767993304723e-01
5.726322959935434831e-01
5.446785995251919310e-01
5.207750345365024236e-01
4.949437615804169743e-01
4.700399151950159782e-01
4.480538700606777613e-01
4.246202217261011436e-01
4.072245283672328853e-01
3.889798273056015443e-01
3.711954816441794813e-01
3.553123133726531213e-01
3.354472487824017302e-01
3.204138817588714216e-01
3.036386142645406405e-01
2.911982344033089420e-01
2.694827089848602641e-01
2.568982684230404212e-01
2.469566625806617344e-01
2.318739378738594592e-01
2.154954737391637787e-01
2.072171655812039548e-01
1.930427631050556370e-01
1.840423128936398145e-01
1.633478447084081298e-01
