8.410830359458935090e-01
8.206928771026722469e-01
8.118271012268961639e-01
7.933810782206697221e-01
7.863192498345936698e-01
7.723848560723356460e-01
7.561517304269808060e-01
7.454527017130065936e-01
7.338584831899921390e-01
7.150205396634095045e-01
6.997429035726702162e-01
6.828522318355502163e-01
6.691372093720679981e-01
6.468448962676658365e-01
6.356845666470742895e-01
6.153341222587922488e-01
5.983680114553041607e-01
5.797219518388421200e-01
5.586511349719460728e-01
5.359274151496541405e-01
5.121654886128494955e-01
4.863230037755081336e-01
4.614677611730863549e-01
4.351023552238589276e-01
4.019175684277530025e-01
3.838236862553898177e-01
3.677921804827493091e-01
3.464173652059238107e-01
3.366638140065610907e-01
3.180632107723435631e-01
2.995298213869583837e-01
2.740718868279064524e-01
2.495201170724290762e-01
2.321917102597268745e-01
1.843151410145346114e-01
9.569072077064064152e-02
